version: 0
content:
  base_color: [0.600000024, 0.600000024, 0.600000024, 1]
  metallic: 0
  roughness: 1
  emissive: 0
  textures: [00000000-0000-0000-0000000000000000, 00000000-0000-0000-0000000000000000, 00000000-0000-0000-0000000000000000]