version: 0
content:
  base_color: [1, 1, 1, 1]
  metallic: 0.949999988
  roughness: 0.0500000007
  emissive: 0
  textures: [00000000-0000-0000-0000000000000000, 00000000-0000-0000-0000000000000000, 00000000-0000-0000-0000000000000000]