version: 0
content:
  base_color: [1, 1, 1, 1]
  metallic: 0.800000012
  roughness: 0.200000003
  emissive: 0
  textures: [00000000-0000-0000-0000000000000000, 00000000-0000-0000-0000000000000000, 00000000-0000-0000-0000000000000000]